Applications Graphics Acceleration Info:
Uptime: 435730470 Realtime: 860745319

** Graphics info for pid 6666 [com.reader.app.qa] **

Stats since: 435723279170278ns
Total frames rendered: 394
Janky frames: 0 (0.00%)
Janky frames (legacy): 14 (3.55%)
50th percentile: 5ms
90th percentile: 6ms
95th percentile: 9ms
99th percentile: 150ms
Number Missed Vsync: 0
Number High input latency: 507
Number Slow UI thread: 0
Number Slow bitmap uploads: 0
Number Slow issue draw commands: 0
Number Frame deadline missed: 0
Number Frame deadline missed (legacy): 0
HISTOGRAM: 5ms=284 6ms=72 7ms=6 8ms=8 9ms=6 10ms=4 11ms=0 12ms=4 13ms=0 14ms=0 15ms=0 16ms=2 17ms=0 18ms=0 19ms=0 20ms=0 21ms=0 22ms=0 23ms=0 24ms=0 25ms=0 26ms=0 27ms=0 28ms=0 29ms=0 30ms=2 31ms=0 32ms=0 34ms=0 36ms=0 38ms=0 40ms=0 42ms=0 44ms=0 46ms=0 48ms=0 53ms=0 57ms=0 61ms=0 65ms=0 69ms=0 73ms=0 77ms=0 81ms=0 85ms=0 89ms=0 93ms=0 97ms=0 101ms=0 105ms=0 109ms=0 113ms=0 117ms=0 121ms=0 125ms=0 129ms=0 133ms=0 150ms=4 200ms=0 250ms=0 300ms=2 350ms=0 400ms=0 450ms=0 500ms=0 550ms=0 600ms=0 650ms=0 700ms=0 750ms=0 800ms=0 850ms=0 900ms=0 950ms=0 1000ms=0 1050ms=0 1100ms=0 1150ms=0 1200ms=0 1250ms=0 1300ms=0 1350ms=0 1400ms=0 1450ms=0 1500ms=0 1550ms=0 1600ms=0 1650ms=0 1700ms=0 1750ms=0 1800ms=0 1850ms=0 1900ms=0 1950ms=0 2000ms=0 2050ms=0 2100ms=0 2150ms=0 2200ms=0 2250ms=0 2300ms=0 2350ms=0 2400ms=0 2450ms=0 2500ms=0 2550ms=0 2600ms=0 2650ms=0 2700ms=0 2750ms=0 2800ms=0 2850ms=0 2900ms=0 2950ms=0 3000ms=0 3050ms=0 3100ms=0 3150ms=0 3200ms=0 3250ms=0 3300ms=0 3350ms=0 3400ms=0 3450ms=0 3500ms=0 3550ms=0 3600ms=0 3650ms=0 3700ms=0 3750ms=0 3800ms=0 3850ms=0 3900ms=0 3950ms=0 4000ms=0 4050ms=0 4100ms=0 4150ms=0 4200ms=0 4250ms=0 4300ms=0 4350ms=0 4400ms=0 4450ms=0 4500ms=0 4550ms=0 4600ms=0 4650ms=0 4700ms=0 4750ms=0 4800ms=0 4850ms=0 4900ms=0 4950ms=0
50th gpu percentile: 2ms
90th gpu percentile: 3ms
95th gpu percentile: 3ms
99th gpu percentile: 3ms
GPU HISTOGRAM: 1ms=20 2ms=316 3ms=56 4ms=2 5ms=0 6ms=0 7ms=0 8ms=0 9ms=0 10ms=0 11ms=0 12ms=0 13ms=0 14ms=0 15ms=0 16ms=0 17ms=0 18ms=0 19ms=0 20ms=0 21ms=0 22ms=0 23ms=0 24ms=0 25ms=0 4950ms=0

Pipeline=Skia (OpenGL)
Memory policy:
  Max surface area: 2527200
  Max resource usage: 363.92MB (x144)
  Background retention: 50% (altUiHidden = true)
  GPU Context timeout: 10
Contexts: 1 (stopped = 0)
CPU Caches:
  Glyph Cache: 167.37 KB (1 entry)
  Glyph Count: 27 
Total CPU memory usage:
  171383 bytes, 167.37 KB (0.00 bytes is purgeable)

GPU Caches:
  Other:
    Other: 35.02 KB (1 entry)
    Buffer Object: 464.00 bytes (2 entries)
    StencilAttachment: 143.00 KB (8 entries)
  Image:
    Texture: 9.03 KB (3 entries)
  Scratch:
    RenderTarget: 9.68 MB (9 entries)
    Texture: 4.00 MB (2 entries)
    Buffer Object: 78.00 KB (2 entries)
Total GPU memory usage:
  14611584 bytes, 13.93 MB (9.68 MB is purgeable)

GraphicBufferAllocator buffers:
            Handle |         Size |     W (Stride) x H | Layers |   Format |      Usage | Requestor
0xb400007b41fe4590 |  9945.00 KiB | 1080 (1088) x 2340 |      1 |        1 | 0x40000000000b00 | VRI[MainActivity]#0(BLAST Consumer)0
0xb400007b41fe5fb0 |  9945.00 KiB | 1080 (1088) x 2340 |      1 |        1 | 0x40000000000b00 | VRI[MainActivity]#0(BLAST Consumer)0
0xb400007b41fe7c90 |  9945.00 KiB | 1080 (1088) x 2340 |      1 |        1 | 0x40000000000b00 | VRI[MainActivity]#0(BLAST Consumer)0
0xb400007b41fea890 |  9945.00 KiB | 1080 (1088) x 2340 |      1 |        1 | 0x40000000000b00 | VRI[MainActivity]#0(BLAST Consumer)0
0xb400007b420715f0 |  9945.00 KiB | 1080 (1088) x 2340 |      1 |        1 | 0x40000000000b00 | VRI[MainActivity]#0(BLAST Consumer)0
0xb400007b420718b0 |  9945.00 KiB | 1080 (1088) x 2340 |      1 |        1 | 0x40000000000b00 | VRI[MainActivity]#0(BLAST Consumer)0
0xb400007b42072510 |  9945.00 KiB | 1080 (1088) x 2340 |      1 |        1 | 0x40000000000b00 | VRI[MainActivity]#0(BLAST Consumer)0
Total allocated by GraphicBufferAllocator (estimate): 69615.00 KB
Imported gralloc buffers:
+ name:screenshot, id:4299262670748, size:9945.00KiB, w/h:1080x2340, usage: 0xb33, req fmt:1, fourcc/mod:875708993/0, dataspace: 0x0, compressed: false
	planes: R/G/B/A:	 w/h:1080x2340, stride:4352 bytes, size:10183680
+ name:VRI[MainActivity]#0(BLAST Consumer)0, id:4299262670747, size:10153.00KiB, w/h:1080x2340, usage: 0x40000000000b00, req fmt:1, fourcc/mod:875708993/576460752303423602, dataspace: 0x0, compressed: true
	planes: R/G/B/A:	 w/h:1088x2352, stride:4352 bytes, size:10396672
+ name:VRI[MainActivity]#0(BLAST Consumer)0, id:4299262670745, size:10153.00KiB, w/h:1080x2340, usage: 0x40000000000b00, req fmt:1, fourcc/mod:875708993/576460752303423602, dataspace: 0x0, compressed: true
	planes: R/G/B/A:	 w/h:1088x2352, stride:4352 bytes, size:10396672
+ name:VRI[MainActivity]#0(BLAST Consumer)0, id:4299262670744, size:10153.00KiB, w/h:1080x2340, usage: 0x40000000000b00, req fmt:1, fourcc/mod:875708993/576460752303423602, dataspace: 0x0, compressed: true
	planes: R/G/B/A:	 w/h:1088x2352, stride:4352 bytes, size:10396672
+ name:VRI[MainActivity]#0(BLAST Consumer)0, id:4299262670746, size:10153.00KiB, w/h:1080x2340, usage: 0x40000000000b00, req fmt:1, fourcc/mod:875708993/576460752303423602, dataspace: 0x0, compressed: true
	planes: R/G/B/A:	 w/h:1088x2352, stride:4352 bytes, size:10396672
+ name:VRI[MainActivity]#0(BLAST Consumer)0, id:4299262670743, size:10153.00KiB, w/h:1080x2340, usage: 0x40000000000b00, req fmt:1, fourcc/mod:875708993/576460752303423602, dataspace: 0x0, compressed: true
	planes: R/G/B/A:	 w/h:1088x2352, stride:4352 bytes, size:10396672
+ name:VRI[MainActivity]#0(BLAST Consumer)0, id:4299262670742, size:10153.00KiB, w/h:1080x2340, usage: 0x40000000000b00, req fmt:1, fourcc/mod:875708993/576460752303423602, dataspace: 0x0, compressed: true
	planes: R/G/B/A:	 w/h:1088x2352, stride:4352 bytes, size:10396672
+ name:VRI[MainActivity]#0(BLAST Consumer)0, id:4299262670741, size:10153.00KiB, w/h:1080x2340, usage: 0x40000000000b00, req fmt:1, fourcc/mod:875708993/576460752303423602, dataspace: 0x0, compressed: true
	planes: R/G/B/A:	 w/h:1088x2352, stride:4352 bytes, size:10396672
Total imported by gralloc: 81016.00KiB

Profile data in ms:

	com.reader.app.qa/com.reader.app.ui.MainActivity/android.view.ViewRootImpl@6841a3f (visibility=0)
Window: com.reader.app.qa/com.reader.app.ui.MainActivity
Stats since: 435723279169355ns
Total frames rendered: 394
Janky frames: 0 (0.00%)
Janky frames (legacy): 14 (3.55%)
50th percentile: 5ms
90th percentile: 6ms
95th percentile: 9ms
99th percentile: 150ms
Number Missed Vsync: 0
Number High input latency: 507
Number Slow UI thread: 0
Number Slow bitmap uploads: 0
Number Slow issue draw commands: 0
Number Frame deadline missed: 0
Number Frame deadline missed (legacy): 0
HISTOGRAM: 5ms=284 6ms=72 7ms=6 8ms=8 9ms=6 10ms=4 11ms=0 12ms=4 13ms=0 14ms=0 15ms=0 16ms=2 17ms=0 18ms=0 19ms=0 20ms=0 21ms=0 22ms=0 23ms=0 24ms=0 25ms=0 26ms=0 27ms=0 28ms=0 29ms=0 30ms=2 31ms=0 32ms=0 34ms=0 36ms=0 38ms=0 40ms=0 42ms=0 44ms=0 46ms=0 48ms=0 53ms=0 57ms=0 61ms=0 65ms=0 69ms=0 73ms=0 77ms=0 81ms=0 85ms=0 89ms=0 93ms=0 97ms=0 101ms=0 105ms=0 109ms=0 113ms=0 117ms=0 121ms=0 125ms=0 129ms=0 133ms=0 150ms=4 200ms=0 250ms=0 300ms=2 350ms=0 400ms=0 450ms=0 500ms=0 550ms=0 600ms=0 650ms=0 700ms=0 750ms=0 800ms=0 850ms=0 900ms=0 950ms=0 1000ms=0 1050ms=0 1100ms=0 1150ms=0 1200ms=0 1250ms=0 1300ms=0 1350ms=0 1400ms=0 1450ms=0 1500ms=0 1550ms=0 1600ms=0 1650ms=0 1700ms=0 1750ms=0 1800ms=0 1850ms=0 1900ms=0 1950ms=0 2000ms=0 2050ms=0 2100ms=0 2150ms=0 2200ms=0 2250ms=0 2300ms=0 2350ms=0 2400ms=0 2450ms=0 2500ms=0 2550ms=0 2600ms=0 2650ms=0 2700ms=0 2750ms=0 2800ms=0 2850ms=0 2900ms=0 2950ms=0 3000ms=0 3050ms=0 3100ms=0 3150ms=0 3200ms=0 3250ms=0 3300ms=0 3350ms=0 3400ms=0 3450ms=0 3500ms=0 3550ms=0 3600ms=0 3650ms=0 3700ms=0 3750ms=0 3800ms=0 3850ms=0 3900ms=0 3950ms=0 4000ms=0 4050ms=0 4100ms=0 4150ms=0 4200ms=0 4250ms=0 4300ms=0 4350ms=0 4400ms=0 4450ms=0 4500ms=0 4550ms=0 4600ms=0 4650ms=0 4700ms=0 4750ms=0 4800ms=0 4850ms=0 4900ms=0 4950ms=0
50th gpu percentile: 2ms
90th gpu percentile: 3ms
95th gpu percentile: 3ms
99th gpu percentile: 3ms
GPU HISTOGRAM: 1ms=20 2ms=316 3ms=56 4ms=2 5ms=0 6ms=0 7ms=0 8ms=0 9ms=0 10ms=0 11ms=0 12ms=0 13ms=0 14ms=0 15ms=0 16ms=0 17ms=0 18ms=0 19ms=0 20ms=0 21ms=0 22ms=0 23ms=0 24ms=0 25ms=0 4950ms=0



---PROFILEDATA---
Flags,FrameTimelineVsyncId,IntendedVsync,Vsync,InputEventId,HandleInputStart,AnimationStart,PerformTraversalsStart,DrawStart,FrameDeadline,FrameStartTime,FrameInterval,WorkloadTarget,SyncQueued,SyncStart,IssueDrawCommandsStart,SwapBuffers,FrameCompleted,DequeueBufferDuration,QueueBufferDuration,GpuCompleted,SwapBuffersCompleted,DisplayPresentTime,CommandSubmissionCompleted,
0,178749553,435724488291506,435724488291506,-1037639353,435724488905740,435724491390355,435724491485432,435724491604432,435725156925162,435724488897971,11084465,14600000,435724492123278,435724492179278,435724492226586,435724492947278,435724494964740,25615,212615,435724494964740,435724493574663,435724515989740,435724492947278,
0,178749596,435724532635059,435724532635059,-497789900,435724533291586,435724534527278,435724535091509,435724535180740,435725179094245,435724533282971,11084618,14600000,435724535593124,435724535646278,435724535692509,435724536396201,435724538386355,25231,202154,435724538386355,435724536988124,435724560334278,435724536396201,
0,178749632,435724576970437,435724576970437,-585149538,435724577717432,435724579152740,435724579227278,435724579313971,435725201263414,435724577708509,11084551,14600000,435724579713971,435724579757663,435724579802663,435724580484201,435724582476201,24924,189461,435724582476201,435724581027894,435724604665432,435724580484201,
0,178749668,435724621308934,435724621308934,-653873539,435724621953124,435724623439201,435724623524124,435724623620817,435725223432515,435724621944124,11084550,14600000,435724624097048,435724624147278,435724624192817,435724624878586,435724626934278,26153,202154,435724626934278,435724625444817,435724649005355,435724624878586,
0,178749690,435724643476709,435724654561239,-673379794,435724655769740,435724657209432,435724657289971,435724657377432,435725245601595,435724655685124,11084530,14600000,435724657822971,435724657872432,435724657919817,435724658608740,435724659675817,26539,199384,435724659675817,435724659179586,435724682258355,435724658608740,
0,178749740,435724698898573,435724698898573,-184478127,435724699589740,435724701173432,435724701251509,435724701347509,435725267770638,435724699579586,11084513,14600000,435724701862663,435724702006894,435724702056124,435724702706971,435724704740817,28000,200923,435724704740817,435724703277740,435724726608817,435724702706971,
0,178749776,435724743236795,435724743236795,-265651680,435724743964432,435724745418586,435724745496124,435724745588124,435725289939682,435724743956509,11084531,14600000,435724746010278,435724746061971,435724746111201,435724746822894,435724748785124,27077,193846,435724748785124,435724747379894,435724770934894,435724746822894,
0,178749805,435724776492313,435724776492313,-898586721,435724777134586,435724778525663,435724778592124,435724778678663,435725312108767,435724777125432,11084554,14600000,435724779096201,435724779148817,435724779194048,435724780164509,435724781783278,26538,211077,435724781783278,435724780720740,435724804197740,435724780164509,
0,178749841,435724809744649,435724809744649,-143119406,435724810423586,435724811774355,435724811844124,435724811931894,435725334277841,435724810414894,11084520,14600000,435724812420124,435724812478048,435724812522894,435724813218971,435724815179509,27076,188308,435724815179509,435724813791586,435724837446586,435724813218971,
0,178749877,435724842999550,435724842999550,-694513082,435724843553124,435724844896509,435724844971586,435724845058971,435725356446903,435724843544124,11084542,14600000,435724845506048,435724845560509,435724845605740,435724846268817,435724848190663,26692,197231,435724848190663,435724846822355,435724870713663,435724846268817,
0,178749913,435724876252679,435724876252679,-184817914,435724876938663,435724878374894,435724878444432,435724878529048,435725378615964,435724876927894,11084519,14600000,435724878937432,435724878990586,435724879038355,435724879718663,435724881733663,27923,227308,435724881733663,435724880315201,435724903959201,435724879718663,
0,178749949,435724909508739,435724909508739,-328119881,435724910147201,435724911474355,435724911550278,435724911641048,435725400785041,435724910138894,11084558,14600000,435724912083278,435724912133124,435724912181432,435724912876509,435724914855201,27154,207692,435724914855201,435724913469432,435724937204432,435724912876509,
0,178749985,435724942762768,435724942762768,-602227576,435724943487894,435724944806355,435724949724509,435724949851817,435725422954154,435724943479509,11084555,14600000,435724950333355,435724950385432,435724950437971,435724951240124,435724953180201,29231,188000,435724953180201,435724951870048,435724970458278,435724951240124,
0,178750028,435724976015320,435724976015320,-856841126,435724976673124,435724978001663,435724978085663,435724978191278,435725445123238,435724976667586,11084529,14600000,435724978619201,435724978664201,435724978710894,435724979416509,435724981418894,25615,204846,435724981418894,435724979995586,435725003713124,435724979416509,
0,178750064,435725009267713,435725009267713,-176692935,435725009843586,435725011226586,435725011310663,435725011408740,435725467292262,435725009835278,11084495,14600000,435725011875278,435725011924509,435725011971278,435725012665432,435725014658586,28615,195769,435725014658586,435725013227509,435725036976817,435725012665432,
0,178750100,435725042520071,435725042520071,-598447438,435725043237124,435725044703201,435725044782894,435725044879278,435725489461213,435725043228740,11084456,14600000,435725045336124,435725045389432,435725045438586,435725046304740,435725047956509,26154,203000,435725047956509,435725046847201,435725070237432,435725046304740,
0,178750143,435725086859255,435725086859255,-368405152,435725087587509,435725089096817,435725089171509,435725089270048,435725511630143,435725087578355,11084474,14600000,435725089724201,435725089772124,435725089818971,435725090525124,435725092537971,30154,199769,435725092537971,435725091104432,435725114562278,435725090525124,
0,178750172,435725120115062,435725120115062,-1066026562,435725120802894,435725122172740,435725122251586,435725122343509,435725533799128,435725120793355,11084511,14600000,435725122754355,435725122799817,435725122846355,435725123529355,435725125509355,26461,197307,435725125509355,435725124111509,435725147810894,435725123529355,
0,178750208,435725153372606,435725153372606,-860773221,435725154023586,435725155382278,435725155461971,435725155554278,435725555968283,435725154014586,11084644,14600000,435725155972509,435725156045740,435725156094278,435725156833740,435725158803278,28077,209923,435725158803278,435725157431278,435725181063817,435725156833740,
0,178750244,435725186626732,435725186626732,-1006835210,435725187218971,435725188627894,435725188704509,435725188795894,435725578137597,435725187210663,11084670,14600000,435725189223509,435725189273048,435725189319894,435725189988509,435725191905432,25769,193231,435725191905432,435725190539509,435725214316432,435725189988509,
0,178750296,435725508071866,435725508071866,-953726375,435725509001663,435725510707278,435725510794278,435725510924817,435725600306785,435725508991509,11084518,14600000,435725511414663,435725511470586,435725511516509,435725512238663,435725514245048,25923,185231,435725514245048,435725512785355,435725535813048,435725512238663,
0,178750332,435725541344963,435725541344963,-1025829016,435725542094971,435725543454048,435725543532817,435725543628124,435725622476131,435725542085971,11084828,14600000,435725544101432,435725544156201,435725544203201,435725544862355,435725546818355,25230,195923,435725546818355,435725545425663,435725569065355,435725544862355,
0,178750368,435725574606697,435725574606697,-583855836,435725575292432,435725576679278,435725576749740,435725576839201,435725644645902,435725575283201,11084943,14600000,435725577609124,435725577661124,435725577712201,435725578409663,435725580365971,25538,200692,435725580365971,435725578993048,435725602323894,435725578409663,
0,178750404,435725607865778,435725607865778,-781520178,435725608611586,435725609956740,435725610027201,435725610123278,435725666815860,435725608602586,11085015,14600000,435725610546586,435725610597432,435725610644201,435725611525048,435725613231586,25461,214384,435725613231586,435725612132740,435725635582663,435725611525048,
0,178750440,435725641124561,435725641124561,-607195324,435725641861124,435725643210663,435725643275278,435725643363201,435725688985954,435725641851586,11085079,14600000,435725643788740,435725643839894,435725643888509,435725644595586,435725646549355,26770,195385,435725646549355,435725645157355,435725668826894,435725644595586,
0,178750476,435725674384471,435725674384471,-348762118,435725675069971,435725676504740,435725676580817,435725676682278,435725711156208,435725675059586,11085175,14600000,435725677132201,435725677269971,435725677318894,435725677986971,435725679922663,24692,198770,435725679922663,435725678533355,435725702085971,435725677986971,
0,178750512,435725707640078,435725707640078,-196064126,435725708374048,435725709765971,435725709846278,435725709938971,435725722240078,435725708364432,11085184,14600000,435725710370586,435725710425663,435725710472740,435725711180201,435725713145663,24616,202154,435725713145663,435725711768817,435725735333971,435725711180201,
0,178750548,435725740897013,435725740897013,-225799184,435725741567817,435725742928124,435725743007817,435725743103817,435725755497013,435725741558586,11085225,14600000,435725743613048,435725743669432,435725743736740,435725744440124,435725746371894,26693,204616,435725746371894,435725745011817,435725768590278,435725744440124,
0,178750584,435725774152037,435725774152037,-887165734,435725774870894,435725776266894,435725776352817,435725776453663,435725788752037,435725774861971,11085228,14600000,435725776901125,435725777044201,435725777094048,435725777798663,435725779795201,26461,204615,435725779795201,435725778371817,435725801844509,435725777798663,
0,178750620,435725807408350,435725807408350,-50414545,435725808116201,435725809435894,435725809514971,435725809608125,435725822008350,435725808107278,11085271,14600000,435725810030894,435725810178971,435725810228740,435725810939586,435725812938355,24693,197231,435725812938355,435725811517355,435725835095817,435725810939586,
0,178750656,435725840663887,435725840663887,-883873976,435725841385048,435725842730894,435725842796817,435725842885048,435725855263887,435725841375586,11085289,14600000,435725843290971,435725843347894,435725843393740,435725844127201,435725846088509,26154,203693,435725846088509,435725844718278,435725868389048,435725844127201,
0,178750714,435725873918159,435725873918159,-418172053,435725874668432,435725875944201,435725876051201,435725876153740,435725888518159,435725874660817,11085272,14600000,435725876564432,435725876616817,435725876659894,435725877337971,435725879322048,24385,197769,435725879322048,435725877913663,435725901605432,435725877337971,
0,178750751,435725907175092,435725907175092,-494450853,435725907854048,435725909241355,435725909316125,435725909404509,435725921775092,435725907845432,11085300,14600000,435725909811817,435725909953355,435725910001971,435725910887586,435725912550586,26461,184923,435725912550586,435725911424125,435725934866278,435725910887586,
0,178750787,435725940429942,435725940429942,-819378241,435725941140817,435725942507894,435725942575278,435725942660201,435725955029942,435725941132125,11085305,14600000,435725943077740,435725943133663,435725943180740,435725943893740,435725945945048,28693,196307,435725945945048,435725944501740,435725968116509,435725943893740,
0,178750823,435725973686455,435725973686455,-461146473,435725974358663,435725975642586,435725975719586,435725975809125,435725988286455,435725974350586,11085355,14600000,435725976280817,435725976327278,435725976371894,435725977069048,435725978999817,28385,192308,435725978999817,435725977636740,435726001410278,435725977069048,
0,178750859,435726006940857,435726006940857,-970680395,435726007618971,435726008983586,435726009049432,435726009138894,435726021540857,435726007609432,11085334,14600000,435726009561740,435726009704740,435726009752740,435726010463586,435726012437355,25847,194769,435726012437355,435726011023817,435726034623278,435726010463586,
0,178750895,435726040200476,435726040200476,-397184332,435726040872509,435726042215201,435726042289432,435726042379201,435726054800476,435726040863509,11085396,14600000,435726042775586,435726042827817,435726042875278,435726043562971,435726045594894,24308,219154,435726045594894,435726044172817,435726067874586,435726043562971,
0,178750931,435726073452358,435726073452358,-893242311,435726074122663,435726075441355,435726075511586,435726075602971,435726088052358,435726074113663,11085294,14600000,435726076044125,435726076101971,435726076149663,435726076844125,435726078813971,25923,192000,435726078813971,435726077398048,435726101129048,435726076844125,
0,178750967,435726106701802,435726106701802,-1056512745,435726107403817,435726108762048,435726108840125,435726108932817,435726121301802,435726107394894,11085116,14600000,435726109331509,435726109385432,435726109432509,435726110111894,435726112079201,29154,197154,435726112079201,435726110669355,435726134382048,435726110111894,
0,178751003,435726139945443,435726139945443,-718646157,435726140672509,435726142006048,435726142081355,435726142168432,435726154545443,435726140663586,11084739,14600000,435726142576817,435726142630586,435726142683278,435726143387509,435726145373740,27384,197615,435726145373740,435726143945740,435726167636740,435726143387509,
0,178751055,435726461391677,435726461391677,-531390544,435726462045048,435726463521740,435726463605740,435726463708201,435726475991677,435726462036509,11084569,14600000,435726464200817,435726464262971,435726464309971,435726465210971,435726466861048,27385,209538,435726466861048,435726465804817,435726489097355,435726465210971,
0,178751091,435726494646641,435726494646641,-302496834,435726495379817,435726496916432,435726496996125,435726497093355,435726509246641,435726495368432,11084587,14600000,435726497531817,435726497583278,435726497630894,435726498314663,435726500302663,27385,188846,435726500302663,435726498869355,435726522345971,435726498314663,
0,178751127,435726527902379,435726527902379,-341263438,435726528662586,435726530005740,435726530084817,435726530179586,435726542502379,435726528652432,11084624,14600000,435726530603586,435726530661740,435726530708817,435726531394278,435726533449048,27385,196539,435726533449048,435726531968740,435726555602278,435726531394278,
0,178751163,435726561154785,435726561154785,-511651417,435726561851817,435726563226048,435726563304740,435726563399509,435726575754785,435726561842048,11084592,14600000,435726563821971,435726563880509,435726563927201,435726564676740,435726566654971,62231,205231,435726566654971,435726565277125,435726588851586,435726564676740,
0,178751199,435726594408747,435726594408747,-989857343,435726595132817,435726596556125,435726596635894,435726596736740,435726609008747,435726595124432,11084593,14600000,435726597201432,435726597347586,435726597397663,435726598088817,435726600066894,27308,202539,435726600066894,435726598652509,435726622108740,435726598088817,
0,178751236,435726627661014,435726627661014,-677233404,435726628265355,435726629553740,435726629634894,435726629730355,435726642261014,435726628256509,11084558,14600000,435726630174586,435726630222586,435726630270663,435726630989740,435726632956509,28615,196539,435726632956509,435726631558663,435726655390048,435726630989740,
0,178751272,435726660914438,435726660914438,-237951469,435726661605355,435726662953432,435726663029125,435726663126894,435726675514438,435726661595509,11084545,14600000,435726663585971,435726663643894,435726663694663,435726664426894,435726666376817,27077,199077,435726666376817,435726665001125,435726688614048,435726664426894,
0,178751308,435726694173436,435726694173436,-897878997,435726694845971,435726696220509,435726696296817,435726696398355,435726708773436,435726694837048,11084621,14600000,435726697157355,435726697301125,435726697353355,435726698051586,435726699980432,27769,200923,435726699980432,435726698624201,435726721868125,435726698051586,
0,178751344,435726727425659,435726727425659,-676285134,435726728184201,435726729749740,435726729850894,435726729970894,435726742025659,435726728173971,11084583,14600000,435726730485663,435726730554586,435726730610971,435726731619201,435726733358278,29308,299077,435726733358278,435726732328432,435726755126355,435726731619201,
0,178751387,435726760680945,435726760680945,-428219244,435726761389355,435726762723509,435726765696432,435726765802355,435726775280945,435726761381432,11084654,14600000,435726766204432,435726766251817,435726766298971,435726767012201,435726768968201,26385,188077,435726768968201,435726767594048,435726788376740,435726767012201,
0,178751423,435726793933879,435726793933879,-845335385,435726795117355,435726798028432,435726798113355,435726798229740,435726808533879,435726795073663,11084618,14600000,435726798716201,435726798857432,435726798908509,435726799645432,435726801587278,26769,206693,435726801587278,435726800205740,435726821621663,435726799645432,
0,178751459,435726827186739,435726827186739,-429177121,435726827838048,435726829154278,435726829221663,435726829306971,435726841786739,435726827828817,11084593,14600000,435726829714048,435726829858894,435726829908201,435726830626586,435726832576201,25154,210154,435726832576201,435726831214278,435726854914971,435726830626586,
0,178751495,435726860438723,435726860438723,-875535676,435726861124201,435726862429125,435726862505355,435726862595509,435726875038723,435726861115278,11084565,14600000,435726862997971,435726863060817,435726863120509,435726863789355,435726865801432,25154,208615,435726865801432,435726864384201,435726888136740,435726863789355,
0,178751531,435726893696948,435726893696948,-617222861,435726894344740,435726895682355,435726895749740,435726895839201,435726908296948,435726894335586,11084634,14600000,435726896312509,435726896368509,435726896418663,435726897129048,435726899106663,25846,188077,435726899106663,435726897694355,435726921383509,435726897129048,
0,178751567,435726926953463,435726926953463,-885055722,435726927617740,435726928957971,435726929037125,435726929134355,435726941553463,435726927608201,11084753,14600000,435726929582971,435726929722894,435726929774894,435726930442894,435726932375894,25231,195076,435726932375894,435726931006586,435726954638663,435726930442894,
0,178751603,435726960205614,435726960205614,-659127289,435726960921355,435726962284509,435726962366894,435726962465125,435726974805614,435726960912125,11084725,14600000,435726962921048,435726962969048,435726963017663,435726963682278,435726965653663,26154,229000,435726965653663,435726964282894,435726987889740,435726963682278,
0,178751639,435726993457859,435726993457859,-528465464,435726994177048,435726995532125,435726995601740,435726995695894,435727008057859,435726994168509,11084693,14600000,435726996173432,435726996235817,435726996284509,435726996957740,435726998914663,26154,201154,435726998914663,435726997524432,435727021145355,435726996957740,
0,178751675,435727026709699,435727026709699,-311556119,435727027383894,435727028758663,435727028829125,435727028924509,435727041309699,435727027374894,11084653,14600000,435727029338663,435727029397125,435727029443201,435727030128740,435727032078048,27692,196846,435727032078048,435727030695201,435727054401048,435727030128740,
0,178751711,435727059961639,435727059961639,-275903874,435727060723894,435727062063202,435727062139278,435727062228125,435727074561639,435727060714586,11084610,14600000,435727062635894,435727062693125,435727062741125,435727063431278,435727065406971,26539,200846,435727065406971,435727064035509,435727087652740,435727063431278,
0,178751747,435727093213752,435727093213752,-244649975,435727093859509,435727095190971,435727095268509,435727095359817,435727107813752,435727093850663,11084568,14600000,435727095786586,435727095838048,435727095887817,435727096663202,435727098618586,27154,200000,435727098618586,435727097240509,435727120921355,435727096663202,
0,178751799,435727414657100,435727414657100,-283377443,435727415351586,435727416914894,435727416989740,435727417091894,435727429257100,435727415342586,11084397,14600000,435727417535817,435727417591278,435727417637048,435727418327817,435727420344125,25154,181231,435727420344125,435727418878894,435727442397663,435727418327817,
0,178751835,435727447924809,435727447924809,-173964193,435727448687278,435727450029971,435727450097432,435727450189048,435727462524809,435727448677663,11084625,14600000,435727450608740,435727450659817,435727450705971,435727451391586,435727453387278,27615,198846,435727453387278,435727451972817,435727475651509,435727451391586,
0,178751871,435727481187626,435727481187626,-7154701,435727481855278,435727483169355,435727483244740,435727483335894,435727495787626,435727481845663,11084771,14600000,435727483735586,435727483791509,435727483838355,435727484567509,435727486511817,25538,196077,435727486511817,435727485133048,435727508905432,435727484567509,
0,178751907,435727514447078,435727514447078,-1022500623,435727515146586,435727516514586,435727516584125,435727516674971,435727529047078,435727515137663,11084853,14600000,435727517084817,435727517260125,435727517309048,435727518004740,435727519979202,25846,193846,435727519979202,435727518582278,435727542159202,435727518004740,
0,178751943,435727547705396,435727547705396,-462489084,435727548404509,435727549767202,435727549834663,435727549921740,435727562305396,435727548395817,11084919,14600000,435727550333355,435727550389125,435727550433971,435727551109432,435727553038971,25846,204077,435727553038971,435727551697125,435727575413125,435727551109432,
0,178751979,435727580965475,435727580965475,-286635368,435727581651817,435727582983817,435727583059509,435727583150894,435727595565475,435727581642586,11085051,14600000,435727583559817,435727583603202,435727583649432,435727584376509,435727586301971,27924,196538,435727586301971,435727584940202,435727608667817,435727584376509,
0,178752015,435727614221931,435727614221931,-242026588,435727614885663,435727616244509,435727616315202,435727616411278,435727628821931,435727614877048,11085083,14600000,435727616833125,435727616976509,435727617024740,435727617717971,435727619711817,25231,186692,435727619711817,435727618304740,435727641920509,435727617717971,
0,178752051,435727647478117,435727647478117,-897033969,435727648174355,435727649460432,435727649528202,435727649615278,435727662078117,435727648165125,11085110,14600000,435727650018355,435727650165740,435727650213740,435727650888125,435727652800125,27923,194461,435727652800125,435727651443278,435727675176740,435727650888125,
0,178752094,435727680734064,435727680734064,-1054599167,435727681468202,435727682763202,435727682844509,435727682947894,435727695334064,435727681460740,11085139,14600000,435727683357432,435727683502894,435727683550663,435727684280740,435727686225663,26077,195461,435727686225663,435727684842971,435727708428509,435727684280740,
0,178752130,435727713989881,435727713989881,-469356261,435727714652817,435727716045432,435727716124740,435727716224740,435727728589881,435727714643817,11085160,14600000,435727716677048,435727716729048,435727716777432,435727717469125,435727719430048,26769,211923,435727719430048,435727718039894,435727741684202,435727717469125,
0,178752166,435727747244352,435727747244352,-657267987,435727748071509,435727749412740,435727749490894,435727749586278,435727761844352,435727748063202,11085144,14600000,435727750026048,435727750075817,435727750120125,435727750814586,435727752735817,29154,184692,435727752735817,435727751359894,435727774942355,435727750814586,
0,178752202,435727780502111,435727780502111,-653199378,435727781178971,435727782528202,435727782609048,435727782705048,435727795102111,435727781168740,11085246,14600000,435727783137048,435727783193048,435727783240202,435727783932509,435727785929740,25769,203154,435727785929740,435727784530586,435727808193432,435727783932509,
0,178752238,435727813758039,435727813758039,-42918229,435727814406894,435727815721125,435727815797048,435727815904509,435727828358039,435727814398048,11085267,14600000,435727816651586,435727816697971,435727816746355,435727817411278,435727819391202,26231,199308,435727819391202,435727817980740,435727841444740,435727817411278,
0,178752274,435727847012645,435727847012645,-986484964,435727847668817,435727849091202,435727849167509,435727849260202,435727861612645,435727847660740,11085252,14600000,435727849672202,435727849717355,435727849765663,435727850465740,435727852429125,25846,191154,435727852429125,435727851030971,435727874696817,435727850465740,
0,178752310,435727880266683,435727880266683,-623938097,435727880951278,435727882236509,435727882311202,435727882401663,435727894866683,435727880942048,11085227,14600000,435727882795586,435727882845971,435727882892202,435727883561125,435727885542355,26077,457538,435727885542355,435727884393355,435727907953355,435727883561125,
0,178752346,435727913519754,435727913519754,-434072676,435727914216125,435727915538971,435727915617740,435727915710586,435727928119754,435727914207202,11085175,14600000,435727916165971,435727916221432,435727916268817,435727916970586,435727918947509,26769,199692,435727918947509,435727917535278,435727941205432,435727916970586,
0,178752382,435727946772974,435727946772974,-587135586,435727947424125,435727948754663,435727948829663,435727948916817,435727961372974,435727947414971,11085123,14600000,435727949334355,435727949385048,435727949431202,435727950121048,435727952074663,24000,197231,435727952074663,435727950693663,435727974482894,435727950121048,
0,178752418,435727980025442,435727980025442,-172443311,435727980713355,435727982009971,435727982086355,435727982176202,435727994625442,435727980703894,11085053,14600000,435727982591278,435727982737432,435727982802355,435727983473971,435727985474586,24923,195154,435727985474586,435727984069740,435728007713663,435727983473971,
0,178752454,435728013280764,435728013280764,-353585379,435728013940740,435728015242586,435728015311817,435728015405432,435728027880764,435728013932125,11085022,14600000,435728015854355,435728015998586,435728016071278,435728016775817,435728018754894,26231,204308,435728018754894,435728017351894,435728040968202,435728016775817,
0,178752490,435728046533117,435728046533117,-979135809,435728047235817,435728048568125,435728048642586,435728048731894,435728061133117,435728047227509,11084959,14600000,435728049132125,435728049187509,435728049232740,435728049917048,435728051864202,25461,202154,435728051864202,435728050481663,435728074223202,435728049917048,
0,178752542,435728367977917,435728367977917,-361466543,435728368576509,435728370015509,435728370098663,435728370198894,435728382577917,435728368568202,11084645,14600000,435728370653125,435728370710663,435728370755586,435728371422279,435728373434586,25846,194847,435728373434586,435728372026971,435728395674894,435728371422279,
0,178752578,435728401231865,435728401231865,-957661322,435728402210663,435728403669740,435728403748432,435728403844817,435728415831865,435728402200817,11084644,14600000,435728404341663,435728404410894,435728404467509,435728405218279,435728407234894,26846,255000,435728407234894,435728405854048,435728428935279,435728405218279,
0,178752614,435728434484643,435728434484643,-1026328478,435728435247279,435728436936125,435728437122971,435728437283509,435728449084643,435728435235817,11084624,14600000,435728437829740,435728437886586,435728437937663,435728438715279,435728440799586,31616,221231,435728440799586,435728439377971,435728462196817,435728438715279,
0,178752650,435728467739596,435728467739596,-334649884,435728468439586,435728469825125,435728469903817,435728469998279,435728482339596,435728468428509,11084639,14600000,435728470443279,435728470496202,435728470542971,435728471283279,435728473293355,25769,255154,435728473293355,435728471954663,435728495451202,435728471283279,
0,178752686,435728500996164,435728500996164,-186168485,435728501869740,435728503693355,435728503791586,435728503913125,435728515596164,435728501857125,11084679,14600000,435728504528817,435728504589663,435728504655202,435728505396817,435728507481740,27616,208846,435728507481740,435728506017971,435728528744202,435728505396817,
0,178752736,435728545337001,435728545337001,-920812952,435728546279279,435728548077432,435728548202279,435728548380432,435728559937001,435728546268740,11084712,14600000,435728548973048,435728549039894,435728549114971,435728549798048,435728551794279,27384,256538,435728551794279,435728550412509,435728573038971,435728549798048,
0,178752772,435728578601005,435728578601005,-786891149,435728579265663,435728580757125,435728583791586,435728583905971,435728593201005,435728579257125,11084864,14600000,435728584393663,435728584441048,435728584491509,435728585237048,435728587134894,28000,217154,435728587134894,435728585814971,435728606292740,435728585237048,
0,178752815,435728611854476,435728611854476,-407185827,435728612586971,435728614024740,435728614115202,435728614221125,435728626454476,435728612576432,11084853,14600000,435728614669355,435728614731817,435728614781048,435728615451894,435728617372125,26154,208384,435728617372125,435728616034663,435728639539202,435728615451894,
0,178752851,435728645107786,435728645107786,-631954296,435728645797432,435728647354279,435728647454894,435728647582048,435728659707786,435728645786048,11084836,14600000,435728648108817,435728648159817,435728648208817,435728648865048,435728650702048,26846,211308,435728650702048,435728649419586,435728672795817,435728648865048,
0,178752887,435728678359927,435728678359927,-607322157,435728678986663,435728680422279,435728680510048,435728680618048,435728692959927,435728678977432,11084803,14600000,435728681052509,435728681097125,435728681141740,435728681802279,435728683606048,27000,208308,435728683606048,435728682355202,435728706048125,435728681802279,
0,178752923,435728711613148,435728711613148,-781841547,435728712415894,435728713952202,435728714042586,435728714156817,435728726213148,435728712404125,11084794,14600000,435728714699509,435728714761740,435728714810048,435728715472817,435728717362355,26385,198769,435728717362355,435728716074971,435728739298971,435728715472817,
0,178752959,435728744865963,435728744865963,-193262574,435728745658586,435728747264202,435728747369355,435728747493663,435728759465963,435728745645355,11084774,14600000,435728747989740,435728748065355,435728748117663,435728748892202,435728750771586,29231,226769,435728750771586,435728749507894,435728772568432,435728748892202,
0,178753002,435728778118191,435728778118191,-862368965,435728778836509,435728780460432,435728780556509,435728780671279,435728792718191,435728778826663,11084740,14600000,435728781133125,435728781184202,435728781230355,435728781899817,435728783710279,25538,197538,435728783710279,435728782453355,435728805813432,435728781899817,
0,178753038,435728811372838,435728811372838,-991318742,435728812138279,435728813659279,435728813779586,435728813908740,435728825972838,435728812128202,11084741,14600000,435728814457971,435728814518971,435728814594663,435728815301971,435728817136202,28692,202384,435728817136202,435728815840432,435728839064509,435728815301971,
0,178753074,435728844626122,435728844626122,-404895091,435728845417971,435728846833355,435728846909740,435728847010355,435728859226122,435728845407202,11084723,14600000,435728847507817,435728847565125,435728847614279,435728848339279,435728850285355,27384,195154,435728850285355,435728848911279,435728872319202,435728848339279,
0,178753110,435728877878713,435728877878713,-182117350,435728878560740,435728879945125,435728880055586,435728880157663,435728892478713,435728878552432,11084688,14600000,435728880600125,435728880643817,435728880689048,435728881356432,435728883338971,26385,200077,435728883338971,435728881930663,435728905565355,435728881356432,
0,178753146,435728911133911,435728911133911,-498106381,435728911859894,435728913380817,435728913472740,435728913581971,435728925733911,435728911848202,11084747,14600000,435728914038048,435728914082894,435728914130048,435728914825125,435728916824125,26462,227923,435728916824125,435728915416432,435728938833048,435728914825125,
0,178753182,435728944385572,435728944385572,-508543730,435728945041971,435728946450048,435728946538586,435728946641048,435728958985572,435728945031509,11084696,14600000,435728947360509,435728947410586,435728947458586,435728948160125,435728950071509,27153,206385,435728950071509,435728948730894,435728972079894,435728948160125,
0,178753218,435728977639515,435728977639515,-576520751,435728978233125,435728979577048,435728979653048,435728979746355,435728992239515,435728978224432,11084686,14600000,435728980227509,435728980278894,435728980325971,435728981032432,435728982987894,26231,199769,435728982987894,435728981598663,435729005331894,435728981032432,
0,178753254,435729010892065,435729010892065,-439858167,435729011677125,435729013180740,435729017707894,435729017819586,435729025492065,435729011667894,11084648,14600000,435729018213048,435729018371586,435729018421971,435729019155586,435729021141432,29154,212616,435729021141432,435729019747202,435729038584202,435729019155586,
0,178753292,435729332330146,435729332330146,-143013095,435729333145663,435729334640817,435729334717971,435729334820202,435729346930146,435729333136432,11084334,14600000,435729335269355,435729335327509,435729335376202,435729336159817,435729338166971,27077,214385,435729338166971,435729336744202,435729360055509,435729336159817,
0,178753328,435729365585296,435729365585296,-35697915,435729366226663,435729367593125,435729367662663,435729367760817,435729380185296,435729366217740,11084354,14600000,435729368240432,435729368380740,435729368429663,435729369124509,435729371069048,27077,208692,435729371069048,435729369698586,435729393328125,435729369124509,
0,178753364,435729398845450,435729398845450,-64161,435729399535817,435729400918048,435729400988509,435729401084432,435729413445450,435729399526279,11084464,14600000,435729401516432,435729401659586,435729401723894,435729402404432,435729404357740,24693,188538,435729404357740,435729402971894,435729426546279,435729402404432,
0,178753400,435729432109175,435729432109175,-457546765,435729432777355,435729434079894,435729434157971,435729434244202,435729446709175,435729432767894,11084630,14600000,435729434653432,435729434702663,435729434749663,435729435459817,435729437441663,25616,218231,435729437441663,435729436106894,435729459850663,435729435459817,
0,178753436,435729465365876,435729465365876,-178453660,435729466104509,435729467456202,435729471447202,435729471558894,435729479965876,435729466096125,11084738,14600000,435729471991279,435729472056125,435729472105048,435729472820432,435729474777125,27308,204615,435729474777125,435729473421432,435729493087817,435729472820432,
0,178753479,435729498629701,435729498629701,-397057589,435729499297663,435729500761432,435729500837740,435729500943202,435729513229701,435729499290663,11084899,14600000,435729501378663,435729501526663,435729501578279,435729502310586,435729504286048,28308,201461,435729504286048,435729502882971,435729526343509,435729502310586,
0,178753515,435729531888052,435729531888052,-424039792,435729532588432,435729533929971,435729533998279,435729534087586,435729546488052,435729532579817,11084971,14600000,435729534494279,435729534645663,435729534693355,435729535411202,435729537419817,26077,200307,435729537419817,435729536048202,435729559597048,435729535411202,
0,178753551,435729565145340,435729565145340,-213585023,435729565852125,435729567154894,435729567218971,435729567306279,435729579745340,435729565842586,11085014,14600000,435729567718048,435729567773048,435729567817971,435729568525048,435729570445048,24923,186461,435729570445048,435729569072509,435729592851202,435729568525048,
0,178753587,435729598402204,435729598402204,-248108955,435729599069432,435729600420432,435729600487586,435729600576125,435729613002204,435729599061048,11085053,14600000,435729600998279,435729601140817,435729601189740,435729601889355,435729604130048,25000,204692,435729604130048,435729602477663,435729626107586,435729601889355,
0,178753623,435729631658534,435729631658534,-705946050,435729632457971,435729633784509,435729633850279,435729633950663,435729646258534,435729632448817,11085080,14600000,435729634341048,435729634416509,435729634463202,435729635176202,435729637147817,25846,197539,435729637147817,435729635799509,435729659362048,435729635176202,
0,178753659,435729664914686,435729664914686,-71069419,435729665591894,435729666928817,435729667006586,435729667098356,435729679514686,435729665583202,11085098,14600000,435729667508740,435729667660202,435729667709432,435729668431586,435729670480509,25923,197923,435729670480509,435729669035817,435729692613971,435729668431586,
0,178753695,435729698171839,435729698171839,-189126406,435729698881663,435729700295509,435729700371817,435729700473432,435729712771839,435729698872432,11085157,14600000,435729700925740,435729700984202,435729701031202,435729701749971,435729703812125,27384,208693,435729703812125,435729702351279,435729725864817,435729701749971,
0,178753731,435729731427730,435729731427730,-622012469,435729732136740,435729733520202,435729733601356,435729733694894,435729746027730,435729732127509,11085181,14600000,435729734101048,435729734149048,435729734196202,435729734899202,435729736832509,24923,199923,435729736832509,435729735486663,435729759121740,435729734899202,
0,178753767,435729764682690,435729764682690,-507750188,435729765478356,435729766800817,435729766880202,435729766974586,435729779282690,435729765470048,11085184,14600000,435729767458586,435729767517125,435729767563817,435729768328432,435729770324125,27615,202846,435729770324125,435729768912432,435729792375894,435729768328432,
0,178753803,435729797938037,435729797938037,-487717248,435729798615202,435729799929048,435729800027509,435729800128509,435729812538037,435729798606279,11085194,14600000,435729800556432,435729800609971,435729800656202,435729801323894,435729803319509,25847,199385,435729803319509,435729801896125,435724116944201,435729801323894,
0,178753839,435729831192381,435729831192381,-437828093,435729831884125,435729833237740,435729833315586,435729833405356,435729845792381,435729831874894,11085169,14600000,435729833804817,435729833949356,435729833998971,435729834752740,435729836786971,25923,198154,435729836786971,435729835343279,435724128038894,435729834752740,
0,178753875,435729864447695,435729864447695,-415849331,435729865133048,435729866446586,435729866510971,435729866603509,435729879047695,435729865124202,11085187,14600000,435729867010586,435729867064509,435729867111817,435729867779279,435729869735894,25231,194077,435729869735894,435729868347894,435724139123201,435729867779279,
0,178753911,435729897702204,435729897702204,-442347500,435729898412509,435729899712817,435729899791202,435729899879202,435729912302204,435729898402663,11085174,14600000,435729900314971,435729900361740,435729900407894,435729901066894,435729902989663,25616,444846,435729902989663,435729901892509,435724150231201,435729901066894,
0,178753947,435729930956459,435729930956459,-333390837,435729931609432,435729933021432,435729936847586,435729936956432,435729945556459,435729931601356,11085147,14600000,435729937344125,435729937393356,435729937439817,435729938154048,435729940121971,27307,208923,435729940121971,435729938766663,435724161292817,435729938154048,
0,178753990,435729964209001,435729964209001,-450731750,435729964916125,435729966266894,435729966337740,435729966443586,435729978809001,435729964909663,11085073,14600000,435729966876202,435729967021125,435729967069740,435729967741048,435729969693356,25230,197923,435729969693356,435729968348202,435724460565047,435729967741048,
---PROFILEDATA---


View hierarchy:

  com.reader.app.qa/com.reader.app.ui.MainActivity/android.view.ViewRootImpl@6841a3f
  14 views, 27,18 kB of render nodes


Total ViewRootImpl   : 1
Total attached Views : 14
Total RenderNode     : 27,18 kB (used) / 78,44 kB (capacity)

